0 32
0 514
0 139
0 326
0 299
0 365
0 628
0 860
1 608
1 132
1 41
1 235
1 177
1 117
1 956
1 415
2 417
2 164
2 552
2 556
2 398
2 548
2 310
2 889
3 363
3 276
3 309
3 279
3 223
3 317
3 574
3 447
4 802
4 264
4 428
4 694
4 985
4 794
4 251
4 606
5 263
5 135
5 555
5 306
5 126
5 957
5 990
5 85
6 579
6 613
6 934
6 328
6 75
6 729
6 956
6 31
7 976
7 993
7 971
7 784
7 336
7 374
7 791
7 737
8 96
8 870
8 269
8 280
8 821
8 535
8 600
8 445
9 225
9 228
9 330
9 363
9 84
9 439
9 665
9 42
10 449
10 675
10 389
10 807
10 556
10 812
10 237
10 526
11 609
11 902
11 18
11 52
11 469
11 822
11 824
11 445
12 482
12 195
12 997
12 201
12 106
12 206
12 947
12 190
13 514
13 164
13 904
13 371
13 759
13 27
13 700
13 446
14 227
14 650
14 523
14 340
14 442
14 906
14 894
14 351
15 326
15 940
15 877
15 527
15 176
15 308
15 825
15 732
16 290
16 294
16 555
16 175
16 307
16 217
16 186
16 124
17 864
17 321
17 333
17 302
17 621
17 272
17 789
17 213
18 32
18 40
18 810
18 141
18 912
18 472
18 158
19 162
19 36
19 886
19 554
19 883
19 246
19 759
19 504
20 397
20 720
20 466
20 275
20 471
20 88
20 284
20 94
21 515
21 679
21 138
21 935
21 428
21 468
21 184
21 123
22 453
22 134
22 487
22 655
22 789
22 375
22 825
22 47
23 646
23 487
23 41
23 75
23 941
23 590
23 823
23 745
24 326
24 871
24 872
24 524
24 236
24 280
24 412
24 222
25 578
25 937
25 907
25 750
25 693
25 694
25 542
25 191
26 645
26 870
26 95
26 689
26 755
26 539
26 254
26 383
27 449
27 611
27 808
27 456
27 946
27 757
27 502
28 768
28 614
28 582
28 334
28 208
28 209
28 763
28 636
29 608
29 387
29 900
29 773
29 971
29 53
29 155
29 413
30 640
30 707
30 357
30 653
30 593
30 436
30 763
30 925
31 802
31 259
31 941
31 974
31 899
31 953
31 698
32 768
32 130
32 394
32 716
32 272
32 977
33 98
33 259
33 356
33 488
33 617
33 141
33 211
33 984
34 579
34 104
34 330
34 236
34 467
34 889
34 746
34 639
35 993
35 134
35 97
35 331
35 752
35 468
35 244
35 59
36 995
36 491
36 845
36 527
36 498
36 694
36 59
37 961
37 389
37 417
37 220
37 687
37 503
37 668
37 350
38 546
38 859
38 165
38 550
38 526
38 626
38 155
38 91
39 512
39 608
39 546
39 931
39 655
39 248
39 312
39 413
40 972
40 754
40 340
40 149
40 504
40 635
40 61
41 800
41 73
41 843
41 495
41 305
41 243
42 358
42 456
42 940
42 302
42 306
42 787
42 153
43 354
43 168
43 814
43 499
43 244
43 118
43 440
43 222
44 867
44 197
44 142
44 687
44 336
44 626
44 83
44 725
45 610
45 581
45 92
45 778
45 662
45 215
45 380
45 127
46 860
46 969
46 495
46 148
46 630
46 884
46 604
46 831
47 676
47 486
47 388
47 748
47 943
47 185
47 797
48 898
48 70
48 422
48 908
48 301
48 590
48 434
48 59
49 230
49 261
49 294
49 296
49 75
49 623
49 949
49 346
50 806
50 304
50 855
50 89
50 602
50 284
50 858
50 601
51 288
51 643
51 805
51 846
51 752
51 56
51 250
51 989
52 931
52 260
52 166
52 968
52 553
52 413
52 895
53 491
53 839
53 875
53 238
53 816
53 945
53 990
54 906
54 237
54 177
54 979
54 439
54 571
54 893
54 95
55 513
55 355
55 609
55 616
55 687
55 577
55 471
55 861
56 579
56 112
56 835
56 409
56 249
56 538
56 927
57 163
57 68
57 651
57 913
57 406
57 570
57 92
57 319
58 353
58 615
58 299
58 460
58 537
58 924
58 670
58 63
59 298
59 140
59 291
59 632
59 383
60 418
60 360
60 106
60 460
60 685
60 178
60 634
60 442
61 371
61 495
61 401
61 658
61 435
61 629
61 895
62 579
62 967
62 681
62 562
62 817
62 498
62 663
62 763
63 709
63 749
63 207
63 914
63 339
63 696
63 765
64 101
64 582
64 650
64 717
64 783
64 966
64 316
64 138
65 928
65 166
65 333
65 976
65 979
65 916
65 661
65 732
66 228
66 823
66 656
66 502
66 567
66 282
66 957
66 767
67 69
67 972
67 549
67 878
67 943
67 151
67 955
67 479
68 484
68 714
68 235
68 974
68 911
68 891
68 510
69 625
69 555
69 76
69 305
69 177
69 407
69 893
70 576
70 867
70 839
70 798
70 470
70 952
70 670
71 323
71 982
71 198
71 494
71 148
71 86
71 157
71 703
72 640
72 865
72 615
72 522
72 363
72 852
72 729
72 250
73 475
73 624
73 183
73 169
73 319
73 828
73 351
74 192
74 355
74 395
74 270
74 595
74 947
74 375
74 957
75 288
75 293
75 743
75 918
75 549
76 966
76 328
76 809
76 278
76 695
76 826
76 123
77 994
77 645
77 456
77 82
77 206
77 210
77 660
77 671
78 544
78 961
78 491
78 420
78 682
78 427
78 685
78 429
79 225
79 610
79 936
79 721
79 506
79 347
79 188
79 319
80 612
80 902
80 169
80 208
80 148
80 727
80 868
80 125
81 896
81 294
81 392
81 940
81 143
81 210
81 793
81 638
82 192
82 261
82 904
82 181
82 182
82 217
82 539
83 901
83 426
83 653
83 273
83 722
83 276
83 606
84 352
84 615
84 840
84 781
84 438
84 986
84 927
85 672
85 291
85 548
85 517
85 558
85 788
85 573
86 453
86 200
86 332
86 497
86 630
86 218
86 351
87 448
87 320
87 453
87 775
87 91
87 477
87 990
87 325
88 455
88 587
88 173
88 371
88 663
88 120
88 729
89 681
89 975
89 531
89 311
89 920
89 730
89 667
90 673
90 386
90 298
90 770
90 751
90 272
90 689
90 397
91 496
91 487
91 848
91 821
91 598
91 350
92 452
92 967
92 401
92 564
92 632
92 510
93 738
93 424
93 112
93 883
93 500
93 662
93 764
93 286
94 739
94 935
94 649
94 246
94 379
94 828
94 573
95 933
95 587
95 205
95 176
95 921
95 453
96 610
96 773
96 750
96 208
96 531
96 345
96 255
97 169
97 907
97 592
97 660
97 726
97 700
97 540
98 577
98 546
98 100
98 562
98 403
98 756
98 538
99 803
99 423
99 811
99 643
99 404
99 820
99 537
99 698
100 331
100 102
100 267
100 980
100 119
100 120
100 889
101 385
101 744
101 394
101 630
101 568
101 954
101 859
102 576
102 107
102 645
102 262
102 971
102 212
102 601
103 823
103 524
103 146
103 659
103 118
103 183
103 729
103 410
104 869
104 972
104 818
104 565
104 342
104 731
104 189
105 482
105 518
105 589
105 365
105 377
105 155
105 862
105 959
106 227
106 327
106 978
106 995
106 476
106 831
107 384
107 717
107 654
107 879
107 915
107 470
107 383
108 704
108 713
108 458
108 525
108 978
108 948
108 597
108 553
109 609
109 291
109 359
109 363
109 460
109 559
109 632
109 762
110 229
110 711
110 489
110 653
110 433
110 412
110 829
110 830
111 552
111 425
111 426
111 435
111 617
111 447
111 894
111 191
112 992
112 584
112 201
112 812
112 749
112 505
113 704
113 707
113 396
113 638
113 152
113 859
113 828
113 446
114 322
114 387
114 260
114 647
114 808
114 269
114 271
114 575
115 741
115 966
115 551
115 136
115 493
115 368
115 726
115 476
116 770
116 933
116 552
116 562
116 505
116 857
116 956
116 637
117 868
117 182
117 841
117 682
117 459
117 147
117 726
118 747
118 996
118 301
118 240
118 534
118 124
119 135
119 266
119 975
119 849
119 884
119 186
119 698
120 868
120 746
120 716
120 338
120 660
120 511
121 580
121 421
121 518
121 657
121 884
121 757
121 375
121 889
122 360
122 137
122 749
122 756
122 809
122 312
122 187
122 511
123 930
123 195
123 658
123 694
123 187
123 926
124 429
124 494
124 141
124 691
124 666
124 862
125 688
125 804
125 743
125 525
125 370
125 500
125 447
126 322
126 755
126 182
126 569
126 284
126 669
126 485
127 320
127 283
127 763
127 555
127 588
127 337
127 891
128 641
128 547
128 883
128 564
128 534
128 824
128 604
128 927
129 640
129 835
129 198
129 297
129 139
129 366
129 287
129 671
130 195
130 198
130 870
130 586
130 715
130 787
130 723
131 704
131 931
131 326
131 332
131 241
131 954
131 796
131 159
132 677
132 870
132 270
132 701
132 409
132 879
132 957
133 874
133 683
133 332
133 814
133 529
133 790
133 348
133 382
134 998
134 973
134 174
134 946
134 570
134 316
135 425
135 279
135 879
135 730
135 827
135 956
136 673
136 291
136 240
136 721
136 722
136 410
136 763
137 641
137 899
137 398
137 597
137 729
137 924
137 797
138 832
138 514
138 838
138 457
138 558
138 279
139 221
139 690
139 791
139 985
139 285
139 894
140 872
140 267
140 844
140 910
140 595
140 279
140 479
141 840
141 239
141 278
141 249
141 991
142 902
142 935
142 904
142 407
142 524
142 663
142 696
143 165
143 649
143 939
143 301
143 732
143 957
143 574
144 771
144 777
144 778
144 951
144 972
144 521
144 665
144 639
145 896
145 646
145 588
145 430
145 463
145 273
145 558
145 887
146 898
146 872
146 554
146 551
146 621
146 878
146 635
147 288
147 609
147 640
147 481
147 867
147 213
147 218
148 614
148 399
148 304
148 982
148 540
149 930
149 651
149 493
149 877
149 976
149 566
149 538
150 289
150 615
150 368
150 596
150 854
150 151
150 638
150 607
151 897
151 553
151 176
151 625
151 409
151 508
152 960
152 386
152 483
152 582
152 906
152 820
152 501
153 900
153 933
153 974
153 912
153 243
153 667
153 797
154 838
154 230
154 333
154 942
154 845
154 760
154 411
154 606
155 230
155 839
155 489
155 685
155 980
156 320
156 993
156 324
156 261
156 776
156 493
156 723
156 502
157 609
157 389
157 684
157 793
157 474
157 379
157 613
158 481
158 548
158 581
158 170
158 946
158 598
158 188
159 768
159 676
159 330
159 302
159 337
159 411
159 574
160 261
160 167
160 208
160 536
160 691
160 821
160 504
160 507
161 899
161 935
161 843
161 643
161 793
161 856
161 473
161 830
162 384
162 197
162 741
162 264
162 169
162 219
162 703
163 321
163 228
163 685
163 239
163 626
163 787
163 219
164 865
164 234
164 975
164 529
164 661
164 847
165 546
165 354
165 206
165 977
165 697
165 251
166 611
166 390
166 271
166 464
166 561
166 799
167 195
167 772
167 202
167 948
167 662
167 475
167 670
168 704
168 257
168 199
168 904
168 684
168 406
168 735
169 452
169 486
169 647
169 245
170 928
170 994
170 342
170 395
170 364
170 276
170 278
171 903
171 714
171 334
171 655
171 560
171 948
171 953
171 444
172 423
172 380
172 503
172 912
172 726
172 183
172 284
172 350
173 641
173 828
173 687
173 472
173 281
173 890
173 988
174 262
174 707
174 933
174 290
174 483
174 505
174 925
175 519
175 233
175 203
175 620
175 274
175 244
175 919
176 772
176 457
176 905
176 858
176 955
177 466
177 787
177 216
177 217
177 453
178 738
178 997
178 806
178 199
178 687
178 699
178 190
179 772
179 485
179 518
179 775
179 234
179 493
179 313
179 315
180 224
180 673
180 717
180 878
180 496
180 343
180 922
180 700
181 740
181 486
181 781
181 398
181 654
181 600
181 469
182 993
182 367
182 722
182 211
182 767
183 962
183 593
183 210
183 377
183 986
184 292
184 295
184 234
184 876
184 464
184 664
184 826
185 418
185 425
185 266
185 269
185 241
185 566
185 954
186 451
186 775
186 587
186 588
186 718
186 793
187 609
187 329
187 716
187 249
187 253
187 542
188 706
188 795
188 872
188 752
188 913
188 987
189 545
189 632
189 848
189 785
189 851
189 312
189 857
190 426
190 462
190 498
190 309
190 215
190 826
191 428
191 910
191 656
191 750
191 348
191 245
192 993
192 355
192 485
192 487
192 393
192 600
193 709
193 392
193 746
193 695
193 205
193 975
193 627
193 759
194 768
194 908
194 652
194 563
194 436
194 918
194 280
194 825
195 544
195 347
195 361
195 696
196 417
196 811
196 260
196 517
196 328
196 395
196 205
196 788
197 617
197 951
197 431
197 983
197 506
197 571
198 928
198 880
198 247
198 920
198 411
199 800
199 321
199 643
199 422
199 244
199 480
200 416
200 482
200 483
200 968
200 691
200 441
200 445
201 833
201 814
201 983
201 856
201 925
201 382
202 448
202 688
202 625
202 662
202 792
202 953
202 765
203 289
203 457
203 650
203 206
203 945
203 501
203 765
204 996
204 837
204 295
204 231
204 591
204 337
204 787
204 854
205 320
205 651
205 214
205 443
205 413
206 578
206 846
206 690
206 661
207 582
207 585
207 365
207 766
207 760
207 510
207 478
208 419
208 777
208 969
208 479
209 224
209 705
209 647
209 296
209 366
209 719
209 338
210 259
210 630
210 722
210 339
210 278
211 964
211 406
211 487
211 491
211 878
211 410
212 673
212 834
212 294
212 842
212 274
212 758
212 377
213 928
213 833
213 647
213 233
213 314
213 829
214 672
214 740
214 454
214 903
214 334
214 534
214 475
215 928
215 944
215 770
215 683
215 400
215 503
216 550
216 785
216 557
216 528
216 699
216 925
216 799
217 448
217 704
217 233
217 751
217 628
218 227
218 452
218 966
218 298
218 689
218 724
219 779
219 971
219 240
219 980
219 666
219 349
220 838
220 589
220 402
220 307
220 565
220 407
220 314
221 865
221 452
221 289
221 663
221 888
221 281
221 316
222 491
222 713
222 651
222 238
222 419
222 948
223 967
223 747
223 400
223 600
223 313
223 315
223 285
224 291
224 753
224 780
224 307
224 636
224 446
225 932
225 520
225 886
225 920
225 701
225 831
226 482
226 347
226 976
226 963
226 342
226 571
226 444
226 735
227 584
227 786
227 882
227 818
227 798
228 800
228 836
228 422
228 583
228 657
229 834
229 259
229 485
229 561
229 938
229 238
229 753
230 737
230 397
230 528
230 659
230 752
231 395
231 581
231 648
231 556
231 331
231 667
231 702
232 801
232 803
232 810
232 561
232 402
232 503
232 506
232 639
233 321
233 838
233 870
233 531
233 348
234 548
234 620
234 283
234 860
234 511
235 962
235 810
235 497
235 370
235 725
235 247
236 290
236 746
236 258
236 785
236 793
236 283
237 457
237 861
237 756
237 949
237 541
237 958
238 608
238 516
238 436
238 599
238 796
239 832
239 779
239 945
239 725
239 987
239 508
240 996
240 902
240 476
240 983
240 348
241 452
241 650
241 396
241 625
241 633
241 408
242 514
242 621
242 654
242 559
242 629
242 311
242 281
242 981
243 739
243 388
243 486
243 680
243 618
243 723
244 481
244 775
244 430
244 467
245 753
245 457
245 719
245 465
245 916
245 603
246 579
246 561
246 456
246 265
246 939
246 465
247 866
247 847
247 465
247 339
247 344
247 378
248 483
248 327
248 461
248 943
248 253
248 890
248 765
249 864
249 545
249 948
249 858
249 538
250 962
250 515
250 388
250 621
250 463
250 758
251 439
251 721
251 562
251 313
251 761
251 859
252 619
252 842
252 779
252 978
252 564
252 341
252 536
252 316
253 264
253 396
253 492
253 814
253 767
253 383
254 578
254 517
254 694
254 885
254 470
254 599
254 952
255 963
255 581
255 907
255 686
255 369
255 467
255 762
256 571
256 388
256 368
256 595
256 663
256 376
256 570
256 699
257 931
257 932
257 331
257 595
257 628
257 949
257 318
258 803
258 645
258 360
258 777
258 786
258 467
258 671
259 451
259 945
259 989
259 958
260 454
260 618
260 372
260 788
260 439
261 814
261 532
261 440
261 380
262 288
262 355
262 622
262 982
262 825
262 537
263 993
263 614
263 616
263 973
263 594
263 757
263 510
264 646
264 679
264 488
264 270
264 530
265 707
265 452
265 372
265 728
265 955
265 572
265 382
266 944
266 403
266 820
266 376
266 478
266 639
267 967
267 938
267 973
267 304
267 473
267 569
268 998
268 744
268 591
268 560
268 360
268 597
268 378
268 831
269 418
269 677
269 553
269 655
269 272
270 923
270 460
270 911
270 699
270 543
271 390
271 551
271 362
271 683
271 909
271 604
272 945
272 683
272 598
272 639
273 385
273 781
273 464
273 789
273 632
273 858
274 900
274 935
274 333
274 878
274 337
274 919
275 705
275 802
275 417
275 588
275 338
275 979
275 444
276 356
276 696
276 666
276 317
276 414
277 288
277 391
277 460
277 784
277 657
277 853
277 985
277 478
278 385
278 368
278 761
278 988
279 808
279 393
279 342
279 892
280 388
280 873
280 596
280 853
280 380
281 869
281 678
281 337
281 774
281 805
282 521
282 363
282 802
282 914
282 980
282 342
282 564
283 969
283 400
283 434
283 542
283 702
284 964
284 838
284 934
284 410
285 471
285 304
285 404
285 757
285 631
285 895
286 385
286 743
286 563
286 819
286 309
286 701
286 725
287 641
287 802
287 877
287 499
287 599
287 760
287 315
288 523
288 841
288 508
289 460
289 497
289 531
289 597
289 605
290 898
290 727
290 922
290 890
290 318
291 839
291 551
291 793
292 896
292 556
292 653
292 853
292 598
292 474
292 411
293 385
293 354
293 715
293 485
293 596
293 309
293 440
294 390
294 392
294 359
294 438
295 707
295 822
295 359
295 618
295 438
295 458
296 736
296 708
296 791
296 696
296 378
296 383
297 800
297 357
297 487
297 369
297 465
297 437
297 601
298 865
298 996
298 358
298 926
298 383
299 864
299 484
299 811
299 335
299 564
299 668
300 972
300 589
300 404
300 373
300 312
300 500
300 574
300 318
301 804
301 656
301 919
301 452
301 955
302 391
302 850
302 882
302 595
302 534
303 771
303 390
303 359
303 459
303 620
303 433
303 917
303 797
304 322
304 871
304 559
304 368
305 804
305 490
305 560
305 530
305 312
305 793
306 769
306 681
306 430
306 502
306 760
306 924
307 871
307 688
307 531
307 822
307 895
308 741
308 840
308 556
308 976
308 626
308 502
308 924
309 736
309 400
309 792
309 959
310 838
310 812
310 940
310 910
310 335
310 596
310 510
311 449
311 581
311 907
311 749
311 365
311 883
312 677
312 680
312 780
313 834
313 972
313 430
313 444
313 799
314 737
314 614
314 622
314 401
314 562
314 532
315 580
315 338
315 343
315 345
315 377
316 585
316 845
316 466
316 920
317 994
317 361
317 782
317 436
317 379
317 605
318 613
318 490
318 654
318 852
318 854
319 550
319 519
319 779
319 817
319 466
320 714
320 908
320 377
320 893
321 352
321 684
321 692
321 343
322 901
322 566
322 761
322 476
322 381
323 387
323 997
323 715
323 651
323 784
323 695
323 890
324 354
324 643
324 970
324 566
324 536
324 665
324 794
325 416
325 608
325 775
325 520
325 619
325 815
325 828
326 673
326 432
326 434
326 635
327 547
327 710
327 681
327 397
327 558
327 629
328 720
328 849
328 980
328 728
328 475
329 450
329 946
329 750
329 594
329 371
329 379
329 956
330 810
330 718
330 531
330 436
330 917
331 964
331 581
331 814
331 893
332 401
332 468
332 885
332 408
332 958
333 553
333 492
333 495
333 599
334 902
334 956
334 660
334 887
334 412
335 934
335 742
335 873
335 778
335 731
335 842
336 928
336 524
336 849
336 636
336 926
336 799
337 461
337 692
337 405
338 454
338 840
338 616
338 604
339 776
339 686
339 912
339 372
339 603
340 844
340 584
340 438
340 409
340 923
340 669
341 546
341 489
341 970
341 973
341 628
341 468
341 345
342 803
342 967
342 725
343 427
343 594
343 786
343 478
343 383
344 515
344 902
344 422
344 553
344 877
344 627
344 414
345 489
345 364
345 654
345 499
345 602
346 708
346 807
346 813
346 573
346 464
346 663
346 701
347 708
347 808
347 749
347 789
347 950
348 774
348 488
348 918
348 990
349 518
349 456
349 844
349 908
349 941
349 750
349 439
350 577
350 635
350 616
350 696
350 858
351 674
351 676
351 934
351 530
351 601
352 454
352 646
352 967
352 873
352 876
352 446
353 421
353 504
353 979
353 376
353 922
353 796
353 799
354 751
354 912
354 913
354 997
355 519
355 721
355 858
355 669
356 878
356 462
356 497
356 597
356 447
356 735
357 864
357 722
357 559
357 656
357 914
357 431
358 544
358 965
358 649
358 657
358 595
358 915
359 869
359 724
359 605
359 735
360 679
360 591
360 467
360 474
361 675
361 390
361 621
361 754
361 917
361 570
362 384
362 932
362 636
362 909
362 617
362 539
362 668
363 685
363 808
363 435
364 611
364 900
364 742
364 369
364 788
364 827
365 577
365 808
365 951
365 855
366 647
366 712
366 367
366 915
366 409
366 858
367 675
367 612
367 716
367 914
367 974
367 954
368 566
368 500
368 507
369 869
369 492
369 727
369 697
369 638
370 422
370 748
370 432
370 851
370 755
370 376
371 484
371 421
371 567
371 574
372 418
372 942
372 722
372 915
372 484
373 960
373 513
373 592
373 826
373 474
373 510
373 671
374 960
374 910
374 398
374 917
374 790
374 958
374 415
375 438
375 949
375 778
375 414
375 767
376 654
376 729
376 539
376 861
377 466
377 794
377 765
378 930
378 649
378 399
378 408
378 764
379 706
379 898
379 822
379 408
380 418
380 678
380 940
380 894
381 481
381 643
381 779
381 780
381 494
381 441
381 575
382 450
382 870
382 873
382 778
382 568
383 546
384 576
384 388
384 965
384 463
384 403
385 833
385 997
385 626
386 896
386 643
386 762
386 590
386 943
386 602
387 450
387 876
387 657
387 856
387 831
388 586
388 759
389 872
389 719
389 819
389 506
389 700
390 532
390 751
390 989
391 748
391 908
391 402
391 950
391 414
391 757
392 486
392 615
392 744
392 563
392 959
393 801
393 867
393 900
393 585
393 620
393 758
394 554
394 627
394 791
394 985
394 701
394 703
395 556
395 950
395 827
395 702
396 451
396 774
396 874
396 555
396 819
397 805
397 874
397 846
397 590
398 803
398 595
398 474
398 477
399 480
399 456
399 425
399 403
399 568
399 509
400 965
400 710
400 751
400 952
401 634
401 733
401 505
401 479
402 620
402 554
402 716
402 662
402 891
403 460
403 657
403 982
403 746
404 836
404 680
404 525
404 563
404 799
405 996
405 936
405 691
405 536
405 410
405 604
405 607
406 964
406 970
406 817
406 708
406 618
407 994
407 764
407 998
407 668
407 414
408 548
408 805
408 433
408 517
409 809
409 669
409 829
410 807
410 500
410 795
411 712
411 521
411 889
411 606
412 710
412 841
412 618
412 530
412 606
413 683
413 690
413 828
413 606
414 909
414 921
414 734
415 515
415 459
415 812
415 590
415 794
415 959
416 736
416 995
416 676
416 455
416 494
416 794
417 512
417 538
417 571
417 478
418 709
418 623
418 472
419 640
419 813
419 462
419 815
419 498
419 669
420 833
420 459
420 516
420 709
420 587
420 526
420 527
421 642
421 968
421 913
421 763
421 732
422 736
422 747
422 818
423 802
423 746
423 754
423 852
423 695
423 602
424 840
424 809
424 843
424 914
424 634
424 831
424 479
425 586
425 589
425 693
425 823
426 560
426 429
426 848
426 884
426 787
427 897
427 772
427 653
427 436
427 644
427 570
428 801
428 496
428 658
428 723
428 919
429 451
429 968
429 683
429 462
429 502
430 549
430 488
430 628
430 677
431 897
431 579
431 709
431 656
431 946
431 600
432 554
432 622
432 783
432 593
432 562
432 987
433 580
433 463
433 786
433 983
433 772
434 961
434 603
434 714
434 876
434 821
435 866
435 483
435 637
435 495
435 927
436 879
436 607
437 866
437 837
437 807
437 615
437 556
437 636
437 959
438 932
438 869
438 453
439 472
439 986
439 575
440 803
440 871
440 783
440 995
440 911
441 739
441 586
441 942
441 497
441 824
441 863
442 992
442 932
442 968
442 751
442 761
442 827
443 768
443 742
443 815
443 565
443 566
443 535
443 664
444 627
444 588
444 860
444 637
445 644
445 654
445 590
445 636
445 479
446 929
446 808
446 721
446 731
447 513
447 692
447 868
447 943
448 992
448 473
448 527
448 976
448 605
449 795
449 843
449 943
449 894
449 543
450 491
450 748
450 622
450 686
450 713
451 614
451 557
451 720
451 820
452 711
453 906
453 727
454 515
454 490
454 803
454 700
455 929
455 866
455 547
455 680
455 602
455 541
456 610
456 999
457 881
457 754
457 603
458 616
458 971
458 524
458 464
458 502
458 888
459 931
459 724
459 694
459 830
460 532
461 578
461 677
461 679
461 514
461 943
461 630
462 674
462 497
462 625
462 532
463 994
463 679
463 554
463 472
464 843
464 820
464 921
465 547
465 905
465 941
465 553
466 484
466 543
466 924
467 859
467 572
467 478
468 806
468 525
468 824
468 602
469 961
469 770
469 775
469 723
469 918
469 824
470 769
470 843
470 557
470 686
470 506
471 741
471 521
471 490
471 495
471 625
472 545
472 702
472 543
473 649
473 980
473 823
473 924
473 734
474 481
474 667
474 991
475 640
475 749
475 887
475 697
476 879
476 757
476 664
476 669
477 744
477 937
477 913
477 885
477 504
477 762
478 588
478 750
479 721
479 756
480 483
480 744
480 492
480 815
480 719
480 894
481 930
481 948
481 567
482 997
482 680
482 533
482 542
483 642
483 654
484 842
484 690
484 623
485 737
485 824
485 509
486 523
486 940
486 987
487 644
487 574
488 992
488 516
488 851
488 922
489 928
489 850
489 884
489 633
490 836
490 584
490 681
490 797
491 713
491 650
492 781
492 884
492 537
492 926
493 731
493 529
493 571
493 501
494 871
494 916
494 958
494 863
495 760
495 890
496 863
496 713
496 812
496 981
496 565
497 966
497 813
498 641
498 903
498 844
498 877
499 546
499 611
499 773
499 921
499 796
500 576
500 593
500 767
501 674
501 714
501 981
501 797
501 766
502 977
503 963
503 650
503 712
503 508
504 832
504 523
504 957
505 807
505 875
505 530
505 862
506 524
506 596
506 919
507 585
507 684
507 530
507 596
507 830
507 703
508 616
508 880
508 626
508 635
509 846
509 783
509 848
509 983
509 730
509 733
510 779
510 558
511 771
511 580
511 649
511 794
511 542
512 972
512 846
512 563
512 724
512 695
512 664
513 578
513 580
513 807
513 747
513 917
514 841
514 692
514 830
515 646
515 939
515 526
516 929
516 611
516 519
516 847
516 861
517 519
517 862
517 950
517 698
518 996
518 659
518 905
518 891
519 971
519 978
519 997
520 905
520 685
520 751
520 822
520 890
520 541
521 772
521 809
521 782
521 655
522 994
522 965
522 591
522 697
522 569
522 667
522 541
523 992
523 677
523 554
523 781
524 620
524 558
525 834
525 900
525 650
525 761
526 802
526 647
526 618
526 876
527 914
527 920
527 955
527 670
528 682
528 560
528 691
528 950
528 988
528 829
529 836
529 562
529 790
529 572
529 925
530 856
530 570
531 637
531 670
532 929
532 907
532 922
533 835
533 967
533 848
533 722
533 791
533 924
533 733
534 537
534 948
534 633
534 660
535 901
535 619
535 687
535 837
535 860
535 677
536 903
536 619
536 671
536 597
537 579
537 776
537 590
538 619
538 885
538 828
539 550
539 689
539 782
539 849
540 610
540 561
540 712
540 849
540 565
540 826
541 590
541 982
541 986
541 798
542 871
542 875
542 908
543 994
543 879
543 947
543 597
544 711
544 812
544 859
544 638
544 671
545 832
545 867
545 932
545 721
545 658
546 752
547 682
547 816
547 563
547 988
548 613
548 877
548 605
549 708
549 841
549 589
549 691
549 568
550 775
550 713
550 853
550 951
551 933
551 746
551 692
551 890
552 740
552 717
552 623
552 574
552 959
553 774
554 840
555 705
555 982
555 607
556 635
557 740
557 999
557 617
557 717
557 756
558 897
558 866
559 978
559 932
559 745
559 638
560 749
560 695
560 888
561 672
561 836
561 594
562 680
563 753
563 798
564 739
564 615
564 974
565 655
565 634
565 700
566 591
566 850
567 771
567 614
567 583
567 751
567 954
568 736
568 709
568 615
568 954
569 864
569 781
569 783
569 816
569 911
570 577
570 776
571 719
571 933
572 800
572 646
572 657
572 744
572 924
573 868
573 973
573 720
573 850
573 669
574 641
575 739
575 786
575 941
575 594
575 629
576 584
576 845
576 882
576 600
577 847
577 674
577 730
578 902
578 881
578 601
579 938
580 707
580 940
580 664
581 948
581 664
582 740
582 714
582 846
582 852
583 770
583 707
583 743
583 747
583 686
583 637
584 616
584 707
584 792
585 648
585 811
585 693
585 777
586 682
586 721
586 632
586 964
587 657
587 917
587 598
587 857
588 967
588 798
589 778
589 892
589 938
591 802
591 739
591 598
592 899
592 801
592 783
592 952
592 953
592 923
593 901
593 750
593 659
593 703
594 963
594 743
594 759
595 648
596 882
596 796
597 672
598 817
598 629
599 613
599 936
599 684
599 849
600 681
600 629
601 998
601 688
601 728
602 998
602 856
603 718
603 976
603 852
603 693
604 969
604 788
604 855
605 986
605 827
605 733
606 809
606 607
607 678
607 977
607 895
608 804
608 942
608 624
609 612
609 758
610 714
610 825
610 734
611 993
611 738
611 887
612 624
612 649
612 842
612 698
612 784
613 780
613 853
613 728
614 725
614 724
616 843
617 740
617 935
617 969
618 936
618 971
619 738
619 743
619 809
620 976
620 720
621 773
621 624
621 689
622 864
622 814
622 625
622 851
623 705
623 937
623 915
623 918
624 628
624 696
624 916
624 988
625 999
626 817
626 953
627 961
627 975
627 944
627 886
628 904
628 813
629 964
629 837
630 877
630 816
630 927
631 683
631 781
631 845
631 754
631 659
631 761
631 990
632 820
632 986
633 899
633 644
633 805
633 999
633 653
634 898
634 903
634 862
634 927
635 689
635 945
636 712
636 891
637 845
637 757
637 855
638 687
638 855
639 674
639 868
639 758
640 712
640 850
641 718
641 857
642 962
642 900
642 970
642 944
642 919
642 697
643 738
644 992
644 929
644 755
644 790
645 740
645 723
645 789
645 951
646 774
646 839
647 684
647 847
648 965
648 906
648 939
648 821
648 777
649 780
650 876
651 712
651 715
651 771
652 737
652 694
652 681
652 915
652 886
652 823
652 892
653 903
653 691
655 742
655 893
656 833
656 674
656 957
658 800
658 935
658 958
658 895
659 705
659 880
659 892
660 756
660 661
660 669
661 675
661 965
661 789
661 727
662 866
662 752
662 991
663 678
663 941
664 811
664 973
665 933
665 939
665 944
665 666
665 862
666 677
666 764
666 909
666 752
667 737
667 710
667 764
668 832
668 911
668 784
668 790
670 907
670 861
670 830
671 710
671 701
672 673
672 806
672 881
672 820
673 810
673 942
674 705
674 937
675 928
675 866
675 970
675 906
676 896
676 871
676 918
676 698
678 961
678 834
678 901
678 824
679 785
679 783
679 926
680 715
680 941
681 938
682 747
682 923
682 949
683 906
684 816
684 727
685 752
685 910
686 934
686 876
686 723
687 955
688 753
688 907
688 977
688 947
689 706
689 966
690 998
690 765
690 912
690 863
691 865
692 814
692 825
692 959
693 930
693 974
693 946
693 886
694 732
695 747
695 755
696 892
697 715
697 850
697 828
698 769
698 799
699 801
699 901
699 780
699 831
700 937
700 970
701 720
701 984
702 835
702 817
702 821
702 766
703 739
703 818
703 754
704 931
704 731
704 797
705 869
705 763
706 867
706 711
706 715
706 949
706 922
708 773
708 874
708 985
709 808
709 813
710 739
710 779
710 826
711 898
711 947
711 788
711 980
712 835
713 720
713 840
714 958
715 956
716 841
716 883
716 885
717 963
717 995
717 875
718 770
718 903
718 782
718 862
719 770
719 870
719 910
720 926
722 984
723 937
724 929
724 853
724 886
725 874
725 953
726 960
726 741
726 756
726 991
727 815
727 951
728 960
728 834
728 998
728 822
729 879
729 885
730 965
730 782
730 988
730 741
731 847
731 941
731 831
732 795
732 978
732 927
733 865
733 753
733 789
733 917
734 960
734 977
734 851
734 852
734 791
735 908
735 879
735 944
735 821
736 738
736 851
736 859
737 887
737 857
738 844
738 885
740 973
741 861
741 979
742 805
742 839
742 790
742 857
743 930
743 923
744 899
744 990
745 769
745 995
745 877
745 867
745 886
745 893
746 892
747 762
748 782
748 974
748 815
748 917
749 801
750 758
753 785
753 952
754 905
754 923
755 866
755 997
755 785
756 836
757 989
758 864
758 801
759 930
759 934
759 982
760 844
760 983
760 761
761 899
762 875
762 989
762 822
763 991
764 940
764 892
764 862
765 772
765 841
766 934
766 998
766 999
766 937
766 888
767 929
767 784
767 985
768 987
768 933
768 981
769 963
769 807
769 975
769 951
770 776
771 840
771 938
771 909
772 847
773 999
773 907
773 854
774 868
774 880
774 825
775 813
776 777
776 912
776 888
777 882
777 794
778 943
778 796
779 991
780 979
780 791
781 931
782 897
782 989
783 818
784 818
784 981
785 972
785 787
786 962
786 888
786 827
787 883
788 936
788 955
789 888
790 968
790 821
791 898
792 861
792 816
792 950
792 984
792 797
793 964
794 993
795 875
795 874
795 843
795 849
796 961
796 947
798 960
798 839
798 815
799 818
800 896
800 889
801 810
803 873
804 834
804 844
804 923
804 991
805 832
805 897
806 999
806 936
806 938
806 981
807 957
809 920
810 833
810 873
811 834
811 899
811 830
812 847
812 855
813 930
813 975
815 891
816 949
816 893
817 969
817 885
818 842
819 865
819 850
819 946
819 921
819 925
820 962
822 922
823 872
823 854
824 880
825 985
826 872
826 889
827 994
827 944
829 837
829 966
829 968
829 988
830 863
832 901
832 884
833 963
833 981
835 871
835 883
835 923
836 888
836 986
837 925
837 881
837 857
838 869
838 870
839 909
841 865
842 881
842 915
844 990
845 896
845 868
846 897
846 905
848 869
848 902
848 893
849 971
850 937
851 911
851 922
852 887
852 959
853 912
853 916
854 960
854 898
854 949
855 904
855 880
856 882
856 947
856 991
857 987
858 882
859 956
860 932
860 876
860 920
861 897
863 970
863 875
863 942
864 910
867 984
872 891
873 887
873 990
874 966
874 977
875 996
878 984
878 890
880 988
880 911
881 916
881 982
881 884
882 921
883 975
886 938
887 987
889 901
891 985
892 913
894 974
894 958
895 977
895 955
896 939
900 926
903 905
904 931
904 946
905 984
906 969
908 913
909 992
909 936
910 914
911 989
913 916
914 980
915 992
916 920
918 995
918 954
919 999
919 942
921 962
921 953
925 970
926 953
927 986
929 978
934 983
935 945
936 954
939 942
939 944
945 950
947 973
950 995
951 979
952 962
952 961
952 979
963 964
965 969
968 978
981 996
983 989
984 987
